function [q] = evaluateq(x)

H = [42.4305 41.4305 9.1576;
     41.4305 41.4305 9.1576;
     9.1576  9.1576  2.0353];

q = (x - x_r)' * H * (x - x_r);

end

